台灣黑熊
0
0
3500
1000
4
5
12
14
18

台灣獼猴
1
0
3200
100
19
0
1
2
3
4
5
6
7
8
9
10
11
12
13
14
15
16
17
18

穿山甲
2
0
1000
300
3
16
17
18

石虎
3
0
1500
0
1
11

台灣長鬃山羊
4
0
3500
1000
5
5
12
15
17
18

台灣藍鵲
5
0
1500
0
3
5
12
18

黑面琵鷺
6
0
50
0
2
4
14

紅尾伯勞
7
0
2100
0
19
0
1
2
3
4
5
6
7
8
9
10
11
12
13
14
15
16
17
18

草鴞
8
0
500
0
3
4
5
15

藍腹鷴
9
0
2300
300
5
12
14
16
17
18

櫻花鉤吻鮭
10
0
2000
1700
1
3

綠頭鴨
11
0
50
0
7
0
1
3
4
8
16
17

鴛鴦
12
0
1700
0
2
3
16

台灣水鹿
13
0
3500
300
5
4
5
14
15
17

黑長尾雉(帝雉)
14
0
3800
2500
2
12
17

台灣藪鳥
15
0
2500
200
4
4
5
14
17

阿里山山椒魚
16
0
3800
1800
5
4
5
12
14
18

斯文豪氏攀蜥
17
0
1500
0
19
0
1
2
3
4
5
6
7
8
9
10
11
12
13
14
15
16
17
18

蘭嶼角鴞
18
0
500
0
1
18

玉山薄雪草
19
1
3800
3200
2
12
17

台灣萍蓬草
20
1
1500
0
3
0
1
2

玉山薊
21
1
3800
2600
4
4
5
14
17

玉山龍膽
22
1
3500
2500
4
4
5
14
17